0.000000	1.000000
0.100000	1.400000
0.200000	2.182600
0.300000	4.079367
0.400000	10.699145
0.500000	56.316645
0.600000	1323.534522
0.700000	701973.339384
0.800000	197107295258.949280
0.900000	15540514337903937060864.000000
1.000000	96603034354639148449155257530210551204937728.000000
1.100000	3732858498609436666372780677863357660059477918909199209472001887982710542310075896168448.000000
1.200000	5573693028256279763830657297564340984083847546229447012793673128067232573097405293258239308265543652284936458426912323176202771320397070911533498061189646624224806570729406464.000000
1.300000	inf
1.400000	-nan
1.500000	-nan
1.600000	-nan
1.700000	-nan
1.800000	-nan
1.900000	-nan
2.000000	-nan
2.100000	-nan
2.200000	-nan
2.300000	-nan
2.400000	-nan
2.500000	-nan
2.600000	-nan
2.700000	-nan
2.800000	-nan
2.900000	-nan
3.000000	-nan
